1 16 41.9
2 16.7 59.29
3 8.94 55.27
4 26.83 46.55
5 6.24 53.07
6 16.9 68.34
7 -3.17 47.34
8 23.85 52.73
9 11.13 46.54
10 16.98 60.22
11 29.17 40.12
12 2.65 46.04
13 16.49 39.35
14 4.7 52.8
15 14.43 48.98
16 30.02 51.21
17 -1.89 51.77
18 8.59 53.8
19 6.08 52.07
20 -3.75 50.41
21 2.55 46
22 5.97 60.79
23 23.62 46.72
24 11.84 43.83
25 18.38 49.7
26 12.42 57.62
27 7.27 53.62
28 11.15 51.78
29 10.73 60.22
30 12.1 52.84
31 10.73 49.02
32 -1.01 53.93
33 20.35 49.3
34 10.57 56.23
35 14.67 46.11
36 17.1 52.45
37 23.75 67.3
38 20.82 43.24
39 13.84 66.06
40 25.57 61.99
41 17.72 62.88
42 20.61 48.66
43 19.09 48.4
44 29.22 66.19
45 15.38 66.95
46 2.73 46.14
47 29.81 63.11
48 8.23 58.24
49 13.06 51.86
50 -5.25 50.05
51 11.71 54.87
52 15.62 44.83
53 18.67 69.02
54 -2.08 57.48
55 27.1 61.8
56 6.5 46.52
57 13.9 50.21
58 9.38 54.41
59 4.47 52.25
60 15.29 66.88
61 -4.45 50.56
62 17.6 45.14
63 19.22 47.3
64 22.5 42.17
65 33.1 57.15
66 24.24 68.04
67 -0.69 54.25
68 1.82 50.87
69 25.1 66.28
70 15.65 45.74
71 19.82 51.47
72 18.66 48.84
73 27.14 67
74 -0.12 43.25
75 14.77 66.42
76 10.75 53.68
77 1.63 50.17
78 10.06 61.58
79 9.21 58.77
80 14.35 41.89
81 -3.1 55.84
82 21.13 64.97
83 17.25 68.37
84 17.23 68.37
85 16.81 61.14
86 12.05 64.17
87 27.65 42.93
88 1.52 48.72
89 13.49 55.71
90 21.64 44.09
91 27.1 62.63
92 8.71 62.96
93 30.36 62.23
94 12.81 60.14
95 19.03 63.31
96 21.65 53.8
97 22.89 61.37
98 8.48 55.63
99 0.2 48.92
100 27.68 60.59
101 12.12 42.52
102 20.16 49.15
103 0.27 52.32
